1 0
2 0
3 0
4 0
5 1
6 1
7 2
8 2
9 3
10 4
11 5
12 6
13 7
14 8
15 10
16 11
17 13
18 14
19 16
20 18
21 20
22 22
23 24
24 26
25 30
26 32
27 36
28 38
29 42
30 45
31 49
32 52
33 56
34 59
35 64
36 67
37 72
38 75
39 80
40 84
41 89
42 93
43 98
44 102
45 108
46 112
47 118
48 122
49 128
50 133
51 139
52 144
53 150
54 155
55 162
56 167
57 174
58 179
59 186
60 192
61 199
62 205
63 212
64 218
65 226
66 232
67 240
68 246
69 254
70 261
71 269
72 276
73 284
74 291
75 300
76 307
77 316
78 323
79 332
80 340
81 349
82 357
83 366
84 374
85 384
86 392
87 402
88 410
89 420
90 429
91 439
92 448
93 458
94 467
95 478
96 487
97 498
98 507
99 518
100 528
101 539
102 549
103 560
104 570
105 582
106 592
107 604
108 614
109 626
110 637
111 649
112 660
113 672
114 683
115 696
116 707
117 720
118 731
119 744
120 756
121 769
122 781
123 794
124 806
125 822
126 834
127 850
128 862
129 878
130 891
131 907
132 920
133 936
134 949
135 966
136 979
137 996
138 1009
139 1026
140 1040
141 1057
142 1071
143 1088
144 1102
145 1120
146 1134
147 1152
148 1166
149 1184
150 1199
151 1217
152 1232
153 1250
154 1265
155 1284
156 1299
157 1318
158 1333
159 1352
160 1368
161 1387
162 1403
163 1422
164 1438
165 1458
166 1474
167 1494
168 1510
169 1530
170 1547
171 1567
172 1584
173 1604
174 1621
175 1642
176 1659
177 1680
178 1697
179 1718
180 1736
181 1757
182 1775
183 1796
184 1814
185 1836
186 1854
187 1876
188 1894
189 1916
190 1935
191 1957
192 1976
193 1998
194 2017
195 2040
196 2059
197 2082
198 2101
199 2124
200 2144
201 2167
202 2187
203 2210
204 2230
205 2254
206 2274
207 2298
208 2318
209 2342
210 2363
211 2387
212 2408
213 2432
214 2453
215 2478
216 2499
217 2524
218 2545
219 2570
220 2592
221 2617
222 2639
223 2664
224 2686
225 2712
226 2734
227 2760
228 2782
229 2808
230 2831
231 2857
232 2880
233 2906
234 2929
235 2956
236 2979
237 3006
238 3029
239 3056
240 3080
241 3107
242 3131
243 3158
244 3182
245 3210
246 3234
247 3262
248 3286
249 3314
250 3339
251 3367
252 3392
253 3420
254 3445
255 3474
256 3499
257 3528
258 3553
259 3582
260 3608
261 3637
262 3663
263 3692
264 3718
265 3748
266 3774
267 3804
268 3830
269 3860
270 3887
271 3917
272 3944
273 3974
274 4001
275 4032
276 4059
277 4090
278 4117
279 4148
280 4176
281 4207
282 4235
283 4266
284 4294
285 4326
286 4354
287 4386
288 4414
289 4446
290 4475
291 4507
292 4536
293 4568
294 4597
295 4630
296 4659
297 4692
298 4721
299 4754
300 4784
301 4817
302 4847
303 4880
304 4910
305 4944
306 4974
307 5008
308 5038
309 5072
310 5103
311 5137
312 5168
313 5202
314 5233
315 5268
316 5299
317 5334
318 5365
319 5400
320 5432
321 5467
322 5499
323 5534
324 5566
325 5602
326 5634
327 5670
328 5702
329 5738
330 5771
331 5807
332 5840
333 5876
334 5909
335 5946
336 5979
337 6016
338 6049
339 6086
340 6120
341 6157
342 6191
343 6228
344 6262
345 6300
346 6334
347 6372
348 6406
349 6444
350 6479
351 6517
352 6552
353 6590
354 6625
355 6664
356 6699
357 6738
358 6773
359 6812
360 6848
361 6887
362 6923
363 6962
364 6998
365 7038
366 7074
367 7114
368 7150
369 7190
370 7227
371 7267
372 7304
373 7344
374 7381
375 7422
376 7459
377 7500
378 7537
379 7578
380 7616
381 7657
382 7695
383 7736
384 7774
385 7816
386 7854
387 7896
388 7934
389 7976
390 8015
391 8057
392 8096
393 8138
394 8177
395 8220
396 8259
397 8302
398 8341
399 8384
400 8424
401 8467
402 8507
403 8550
404 8590
405 8634
406 8674
407 8718
408 8758
409 8802
410 8843
411 8887
412 8928
413 8972
414 9013
415 9058
416 9099
417 9144
418 9185
419 9230
420 9272
421 9317
422 9359
423 9404
424 9446
425 9492
426 9534
427 9580
428 9622
429 9668
430 9711
431 9757
432 9800
433 9846
434 9889
435 9936
436 9979
437 10026
438 10069
439 10116
440 10160
441 10207
442 10251
443 10298
444 10342
445 10390
446 10434
447 10482
448 10526
449 10574
450 10619
451 10667
452 10712
453 10760
454 10805
455 10854
456 10899
457 10948
458 10993
459 11042
460 11088
461 11137
462 11183
463 11232
464 11278
465 11328
466 11374
467 11424
468 11470
469 11520
470 11567
471 11617
472 11664
473 11714
474 11761
475 11812
476 11859
477 11910
478 11957
479 12008
480 12056
481 12107
482 12155
483 12206
484 12254
485 12306
486 12354
487 12406
488 12454
489 12506
490 12555
491 12607
492 12656
493 12708
494 12757
495 12810
496 12859
497 12912
498 12961
499 13014
500 13064
501 13117
502 13167
503 13220
504 13270
505 13324
506 13374
507 13428
508 13478
509 13532
510 13583
511 13637
512 13688
513 13742
514 13793
515 13848
516 13899
517 13954
518 14005
519 14060
520 14112
521 14167
522 14219
523 14274
524 14326
525 14382
526 14434
527 14490
528 14542
529 14598
530 14651
531 14707
532 14760
533 14816
534 14869
535 14926
536 14979
537 15036
538 15089
539 15146
540 15200
541 15257
542 15311
543 15368
544 15422
545 15480
546 15534
547 15592
548 15646
549 15704
550 15759
551 15817
552 15872
553 15930
554 15985
555 16044
556 16099
557 16158
558 16213
559 16272
560 16328
561 16387
562 16443
563 16502
564 16558
565 16618
566 16674
567 16734
568 16790
569 16850
570 16907
571 16967
572 17024
573 17084
574 17141
575 17202
576 17259
577 17320
578 17377
579 17438
580 17496
581 17557
582 17615
583 17676
584 17734
585 17796
586 17854
587 17916
588 17974
589 18036
590 18095
591 18157
592 18216
593 18278
594 18337
595 18400
596 18459
597 18522
598 18581
599 18644
600 18704
601 18767
602 18827
603 18890
604 18950
605 19014
606 19074
607 19138
608 19198
609 19262
610 19323
611 19387
612 19448
613 19512
614 19573
615 19638
616 19699
617 19764
618 19825
619 19890
620 19952
621 20017
622 20079
623 20144
624 20206
625 20275
626 20337
627 20406
628 20468
629 20537
630 20600
631 20669
632 20732
633 20801
634 20864
635 20934
636 20997
637 21067
638 21130
639 21200
640 21264
641 21334
642 21398
643 21468
644 21532
645 21603
646 21667
647 21738
648 21802
649 21873
650 21938
651 22009
652 22074
653 22145
654 22210
655 22282
656 22347
657 22419
658 22484
659 22556
660 22622
661 22694
662 22760
663 22832
664 22898
665 22971
666 23037
667 23110
668 23176
669 23249
670 23316
671 23389
672 23456
673 23529
674 23596
675 23670
676 23737
677 23811
678 23878
679 23952
680 24020
681 24094
682 24162
683 24236
684 24304
685 24379
686 24447
687 24522
688 24590
689 24665
690 24734
691 24809
692 24878
693 24953
694 25022
695 25098
696 25167
697 25243
698 25312
699 25388
700 25458
701 25534
702 25604
703 25680
704 25750
705 25827
706 25897
707 25974
708 26044
709 26121
710 26192
711 26269
712 26340
713 26417
714 26488
715 26566
716 26637
717 26715
718 26786
719 26864
720 26936
721 27014
722 27086
723 27164
724 27236
725 27315
726 27387
727 27466
728 27538
729 27617
730 27690
731 27769
732 27842
733 27921
734 27994
735 28074
736 28147
737 28227
738 28300
739 28380
740 28454
741 28534
742 28608
743 28688
744 28762
745 28843
746 28917
747 28998
748 29072
749 29153
750 29228
751 29309
752 29384
753 29465
754 29540
755 29622
756 29697
757 29779
758 29854
759 29936
760 30012
761 30094
762 30170
763 30252
764 30328
765 30411
766 30487
767 30570
768 30646
769 30729
770 30806
771 30889
772 30966
773 31049
774 31126
775 31210
776 31287
777 31371
778 31448
779 31532
780 31610
781 31694
782 31772
783 31856
784 31934
785 32019
786 32097
787 32182
788 32260
789 32345
790 32424
791 32509
792 32588
793 32673
794 32752
795 32838
796 32917
797 33003
798 33082
799 33168
800 33248
801 33334
802 33414
803 33500
804 33580
805 33667
806 33747
807 33834
808 33914
809 34001
810 34082
811 34169
812 34250
813 34337
814 34418
815 34506
816 34587
817 34675
818 34756
819 34844
820 34926
821 35014
822 35096
823 35184
824 35266
825 35355
826 35437
827 35526
828 35608
829 35697
830 35780
831 35869
832 35952
833 36041
834 36124
835 36214
836 36297
837 36387
838 36470
839 36560
840 36644
841 36734
842 36818
843 36908
844 36992
845 37083
846 37167
847 37258
848 37342
849 37433
850 37518
851 37609
852 37694
853 37785
854 37870
855 37962
856 38047
857 38139
858 38224
859 38316
860 38402
861 38494
862 38580
863 38672
864 38758
865 38851
866 38937
867 39030
868 39116
869 39209
870 39296
871 39389
872 39476
873 39569
874 39656
875 39750
876 39837
877 39931
878 40018
879 40112
880 40200
881 40294
882 40382
883 40476
884 40564
885 40659
886 40747
887 40842
888 40930
889 41025
890 41114
891 41209
892 41298
893 41393
894 41482
895 41578
896 41667
897 41763
898 41852
899 41948
900 42038
901 42134
902 42224
903 42320
904 42410
905 42507
906 42597
907 42694
908 42784
909 42881
910 42972
911 43069
912 43160
913 43257
914 43348
915 43446
916 43537
917 43635
918 43726
919 43824
920 43916
921 44014
922 44106
923 44204
924 44296
925 44395
926 44487
927 44586
928 44678
929 44777
930 44870
931 44969
932 45062
933 45161
934 45254
935 45354
936 45447
937 45547
938 45640
939 45740
940 45834
941 45934
942 46028
943 46128
944 46222
945 46323
946 46417
947 46518
948 46612
949 46713
950 46808
951 46909
952 47004
953 47105
954 47200
955 47302
956 47397
957 47499
958 47594
959 47696
960 47792
961 47894
962 47990
963 48092
964 48188
965 48291
966 48387
967 48490
968 48586
969 48689
970 48786
971 48889
972 48986
973 49089
974 49186
975 49290
976 49387
977 49491
978 49588
979 49692
980 49790
981 49894
982 49992
983 50096
984 50194
985 50299
986 50397
987 50502
988 50600
989 50705
990 50804
991 50909
992 51008
993 51113
994 51212
995 51318
996 51417
997 51523
998 51622
999 51728
1000 51828
1001 51934
1002 52034
1003 52140
1004 52240
1005 52347
1006 52447
1007 52554
1008 52654
1009 52761
1010 52862
1011 52969
1012 53070
1013 53177
1014 53278
1015 53386
1016 53487
1017 53595
1018 53696
1019 53804
1020 53906
1021 54014
1022 54116
1023 54224
1024 54326
1025 54435
1026 54537
1027 54646
1028 54748
1029 54857
1030 54960
1031 55069
1032 55172
1033 55281
1034 55384
1035 55494
1036 55597
1037 55707
1038 55810
1039 55920
1040 56024
1041 56134
1042 56238
1043 56348
1044 56452
1045 56563
1046 56667
1047 56778
1048 56882
1049 56993
1050 57098
1051 57209
1052 57314
1053 57425
1054 57530
1055 57642
1056 57747
1057 57859
1058 57964
1059 58076
1060 58182
1061 58294
1062 58400
1063 58512
1064 58618
1065 58731
1066 58837
1067 58950
1068 59056
1069 59169
1070 59276
1071 59389
1072 59496
1073 59609
1074 59716
1075 59830
1076 59937
1077 60051
1078 60158
1079 60272
1080 60380
1081 60494
1082 60602
1083 60716
1084 60824
1085 60939
1086 61047
1087 61162
1088 61270
1089 61385
1090 61494
1091 61609
1092 61718
1093 61833
1094 61942
1095 62058
1096 62167
1097 62283
1098 62392
1099 62508
1100 62618
1101 62734
1102 62844
1103 62960
1104 63070
1105 63187
1106 63297
1107 63414
1108 63524
1109 63641
1110 63752
1111 63869
1112 63980
1113 64097
1114 64208
1115 64326
1116 64437
1117 64555
1118 64666
1119 64784
1120 64896
1121 65014
1122 65126
1123 65244
1124 65356
1125 65475
1126 65587
1127 65706
1128 65818
1129 65937
1130 66050
1131 66169
1132 66282
1133 66401
1134 66514
1135 66634
1136 66747
1137 66867
1138 66980
1139 67100
1140 67214
1141 67334
1142 67448
1143 67568
1144 67682
1145 67803
1146 67917
1147 68038
1148 68152
1149 68273
1150 68388
1151 68509
1152 68624
1153 68745
1154 68860
1155 68982
1156 69097
1157 69219
1158 69334
1159 69456
1160 69572
1161 69694
1162 69810
1163 69932
1164 70048
1165 70171
1166 70287
1167 70410
1168 70526
1169 70649
1170 70766
1171 70889
1172 71006
1173 71129
1174 71246
1175 71370
1176 71487
1177 71611
1178 71728
1179 71852
1180 71970
1181 72094
1182 72212
1183 72336
1184 72454
1185 72579
1186 72697
1187 72822
1188 72940
1189 73065
1190 73184
1191 73309
1192 73428
1193 73553
1194 73672
1195 73798
1196 73917
1197 74043
1198 74162
1199 74288
1200 74408
1201 74534
1202 74654
1203 74780
1204 74900
1205 75027
1206 75147
1207 75274
1208 75394
1209 75521
1210 75642
1211 75769
1212 75890
1213 76017
1214 76138
1215 76266
1216 76387
1217 76515
1218 76636
1219 76764
1220 76886
1221 77014
1222 77136
1223 77264
1224 77386
1225 77515
1226 77637
1227 77766
1228 77888
1229 78017
1230 78140
1231 78269
1232 78392
1233 78521
1234 78644
1235 78774
1236 78897
1237 79027
1238 79150
1239 79280
1240 79404
1241 79534
1242 79658
1243 79788
1244 79912
1245 80043
1246 80167
1247 80298
1248 80422
1249 80553
1250 80678
1251 80809
1252 80934
1253 81065
1254 81190
1255 81322
1256 81447
1257 81579
1258 81704
1259 81836
1260 81962
1261 82094
1262 82220
1263 82352
1264 82478
1265 82611
1266 82737
1267 82870
1268 82996
1269 83129
1270 83256
1271 83389
1272 83516
1273 83649
1274 83776
1275 83910
1276 84037
1277 84171
1278 84298
1279 84432
1280 84560
1281 84694
1282 84822
1283 84956
1284 85084
1285 85219
1286 85347
1287 85482
1288 85610
1289 85745
1290 85874
1291 86009
1292 86138
1293 86273
1294 86402
1295 86538
1296 86667
1297 86803
1298 86932
1299 87068
1300 87198
1301 87334
1302 87464
1303 87600
1304 87730
1305 87867
1306 87997
1307 88134
1308 88264
1309 88401
1310 88532
1311 88669
1312 88800
1313 88937
1314 89068
1315 89206
1316 89337
1317 89475
1318 89606
1319 89744
1320 89876
1321 90014
1322 90146
1323 90284
1324 90416
1325 90555
1326 90687
1327 90826
1328 90958
1329 91097
1330 91230
1331 91369
1332 91502
1333 91641
1334 91774
1335 91914
1336 92047
1337 92187
1338 92320
1339 92460
1340 92594
1341 92734
1342 92868
1343 93008
1344 93142
1345 93283
1346 93417
1347 93558
1348 93692
1349 93833
1350 93968
1351 94109
1352 94244
1353 94385
1354 94520
1355 94662
1356 94797
1357 94939
1358 95074
1359 95216
1360 95352
1361 95494
1362 95630
1363 95772
1364 95908
1365 96051
1366 96187
1367 96330
1368 96466
1369 96609
1370 96746
1371 96889
1372 97026
1373 97169
1374 97306
1375 97450
1376 97587
1377 97731
1378 97868
1379 98012
1380 98150
1381 98294
1382 98432
1383 98576
1384 98714
1385 98859
1386 98997
1387 99142
1388 99280
1389 99425
1390 99564
1391 99709
1392 99848
1393 99993
1394 100132
1395 100278
1396 100417
1397 100563
1398 100702
1399 100848
1400 100988
1401 101134
1402 101274
1403 101420
1404 101560
1405 101707
1406 101847
1407 101994
1408 102134
1409 102281
1410 102422
1411 102569
1412 102710
1413 102857
1414 102998
1415 103146
1416 103287
1417 103435
1418 103576
1419 103724
1420 103866
1421 104014
1422 104156
1423 104304
1424 104446
1425 104595
1426 104737
1427 104886
1428 105028
1429 105177
1430 105320
1431 105469
1432 105612
1433 105761
1434 105904
1435 106054
1436 106197
1437 106347
1438 106490
1439 106640
1440 106784
1441 106934
1442 107078
1443 107228
1444 107372
1445 107523
1446 107667
1447 107818
1448 107962
1449 108113
1450 108258
1451 108409
1452 108554
1453 108705
1454 108850
1455 109002
1456 109147
1457 109299
1458 109444
1459 109596
1460 109742
1461 109894
1462 110040
1463 110192
1464 110338
1465 110491
1466 110637
1467 110790
1468 110936
1469 111089
1470 111236
1471 111389
1472 111536
1473 111689
1474 111836
1475 111990
1476 112137
1477 112291
1478 112438
1479 112592
1480 112740
1481 112894
1482 113042
1483 113196
1484 113344
1485 113499
1486 113647
1487 113802
1488 113950
1489 114105
1490 114254
1491 114409
1492 114558
1493 114713
1494 114862
1495 115018
1496 115167
1497 115323
1498 115472
1499 115628
1500 115778
1501 115934
1502 116084
1503 116240
1504 116390
1505 116547
1506 116697
1507 116854
1508 117004
1509 117161
1510 117312
1511 117469
1512 117620
1513 117777
1514 117928
1515 118086
1516 118237
1517 118395
1518 118546
1519 118704
1520 118856
1521 119014
1522 119166
1523 119324
1524 119476
1525 119635
1526 119787
1527 119946
1528 120098
1529 120257
1530 120410
1531 120569
1532 120722
1533 120881
1534 121034
1535 121194
1536 121347
1537 121507
1538 121660
1539 121820
1540 121974
1541 122134
1542 122288
1543 122448
1544 122602
1545 122763
1546 122917
1547 123078
1548 123232
1549 123393
1550 123548
1551 123709
1552 123864
1553 124025
1554 124180
1555 124342
1556 124497
1557 124659
1558 124814
1559 124976
1560 125132
1561 125294
1562 125450
1563 125612
1564 125768
1565 125931
1566 126087
1567 126250
1568 126406
1569 126569
1570 126726
1571 126889
1572 127046
1573 127209
1574 127366
1575 127530
1576 127687
1577 127851
1578 128008
1579 128172
1580 128330
1581 128494
1582 128652
1583 128816
1584 128974
1585 129139
1586 129297
1587 129462
1588 129620
1589 129785
1590 129944
1591 130109
1592 130268
1593 130433
1594 130592
1595 130758
1596 130917
1597 131083
1598 131242
1599 131408
1600 131568
1601 131734
1602 131894
1603 132060
1604 132220
1605 132387
1606 132547
1607 132714
1608 132874
1609 133041
1610 133202
1611 133369
1612 133530
1613 133697
1614 133858
1615 134026
1616 134187
1617 134355
1618 134516
1619 134684
1620 134846
1621 135014
1622 135176
1623 135344
1624 135506
1625 135675
1626 135837
1627 136006
1628 136168
1629 136337
1630 136500
1631 136669
1632 136832
1633 137001
1634 137164
1635 137334
1636 137497
1637 137667
1638 137830
1639 138000
1640 138164
1641 138334
1642 138498
1643 138668
1644 138832
1645 139003
1646 139167
1647 139338
1648 139502
1649 139673
1650 139838
1651 140009
1652 140174
1653 140345
1654 140510
1655 140682
1656 140847
1657 141019
1658 141184
1659 141356
1660 141522
1661 141694
1662 141860
1663 142032
1664 142198
1665 142371
1666 142537
1667 142710
1668 142876
1669 143049
1670 143216
1671 143389
1672 143556
1673 143729
1674 143896
1675 144070
1676 144237
1677 144411
1678 144578
1679 144752
1680 144920
1681 145094
1682 145262
1683 145436
1684 145604
1685 145779
1686 145947
1687 146122
1688 146290
1689 146465
1690 146634
1691 146809
1692 146978
1693 147153
1694 147322
1695 147498
1696 147667
1697 147843
1698 148012
1699 148188
1700 148358
1701 148534
1702 148704
1703 148880
1704 149050
1705 149227
1706 149397
1707 149574
1708 149744
1709 149921
1710 150092
1711 150269
1712 150440
1713 150617
1714 150788
1715 150966
1716 151137
1717 151315
1718 151486
1719 151664
1720 151836
1721 152014
1722 152186
1723 152364
1724 152536
1725 152715
1726 152887
1727 153066
1728 153238
1729 153417
1730 153590
1731 153769
1732 153942
1733 154121
1734 154294
1735 154474
1736 154647
1737 154827
1738 155000
1739 155180
1740 155354
1741 155534
1742 155708
1743 155888
1744 156062
1745 156243
1746 156417
1747 156598
1748 156772
1749 156953
1750 157128
1751 157309
1752 157484
1753 157665
1754 157840
1755 158022
1756 158197
1757 158379
1758 158554
1759 158736
1760 158912
1761 159094
1762 159270
1763 159452
1764 159628
1765 159811
1766 159987
1767 160170
1768 160346
1769 160529
1770 160706
1771 160889
1772 161066
1773 161249
1774 161426
1775 161610
1776 161787
1777 161971
1778 162148
1779 162332
1780 162510
1781 162694
1782 162872
1783 163056
1784 163234
1785 163419
1786 163597
1787 163782
1788 163960
1789 164145
1790 164324
1791 164509
1792 164688
1793 164873
1794 165052
1795 165238
1796 165417
1797 165603
1798 165782
1799 165968
1800 166148
1801 166334
1802 166514
1803 166700
1804 166880
1805 167067
1806 167247
1807 167434
1808 167614
1809 167801
1810 167982
1811 168169
1812 168350
1813 168537
1814 168718
1815 168906
1816 169087
1817 169275
1818 169456
1819 169644
1820 169826
1821 170014
1822 170196
1823 170384
1824 170566
1825 170755
1826 170937
1827 171126
1828 171308
1829 171497
1830 171680
1831 171869
1832 172052
1833 172241
1834 172424
1835 172614
1836 172797
1837 172987
1838 173170
1839 173360
1840 173544
1841 173734
1842 173918
1843 174108
1844 174292
1845 174483
1846 174667
1847 174858
1848 175042
1849 175233
1850 175418
1851 175609
1852 175794
1853 175985
1854 176170
1855 176362
1856 176547
1857 176739
1858 176924
1859 177116
1860 177302
1861 177494
1862 177680
1863 177872
1864 178058
1865 178251
1866 178437
1867 178630
1868 178816
1869 179009
1870 179196
1871 179389
1872 179576
1873 179769
1874 179956
1875 180150
1876 180337
1877 180531
1878 180718
1879 180912
1880 181100
1881 181294
1882 181482
1883 181676
1884 181864
1885 182059
1886 182247
1887 182442
1888 182630
1889 182825
1890 183014
1891 183209
1892 183398
1893 183593
1894 183782
1895 183978
1896 184167
1897 184363
1898 184552
1899 184748
1900 184938
1901 185134
1902 185324
1903 185520
1904 185710
1905 185907
1906 186097
1907 186294
1908 186484
1909 186681
1910 186872
1911 187069
1912 187260
1913 187457
1914 187648
1915 187846
1916 188037
1917 188235
1918 188426
1919 188624
1920 188816
1921 189014
1922 189206
1923 189404
1924 189596
1925 189795
1926 189987
1927 190186
1928 190378
1929 190577
1930 190770
1931 190969
1932 191162
1933 191361
1934 191554
1935 191754
1936 191947
1937 192147
1938 192340
1939 192540
1940 192734
1941 192934
1942 193128
1943 193328
1944 193522
1945 193723
1946 193917
1947 194118
1948 194312
1949 194513
1950 194708
1951 194909
1952 195104
1953 195305
1954 195500
1955 195702
1956 195897
1957 196099
1958 196294
1959 196496
1960 196692
1961 196894
1962 197090
1963 197292
1964 197488
1965 197691
1966 197887
1967 198090
1968 198286
1969 198489
1970 198686
1971 198889
1972 199086
1973 199289
1974 199486
1975 199690
1976 199887
1977 200091
1978 200288
1979 200492
1980 200690
1981 200894
1982 201092
1983 201296
1984 201494
1985 201699
1986 201897
1987 202102
1988 202300
1989 202505
1990 202704
1991 202909
1992 203108
1993 203313
1994 203512
1995 203718
1996 203917
1997 204123
1998 204322
1999 204528
2000 204728
2001 204934
2002 205134
2003 205340
2004 205540
2005 205747
2006 205947
2007 206154
2008 206354
2009 206561
2010 206762
2011 206969
2012 207170
2013 207377
2014 207578
2015 207786
2016 207987
2017 208195
2018 208396
2019 208604
2020 208806
2021 209014
2022 209216
2023 209424
2024 209626
2025 209835
2026 210037
2027 210246
2028 210448
2029 210657
2030 210860
2031 211069
2032 211272
2033 211481
2034 211684
2035 211894
2036 212097
2037 212307
2038 212510
2039 212720
2040 212924
2041 213134
2042 213338
2043 213548
2044 213752
2045 213963
2046 214167
2047 214378
2048 214582
2049 214793
2050 214998
2051 215209
2052 215414
2053 215625
2054 215830
2055 216042
2056 216247
2057 216459
2058 216664
2059 216876
2060 217082
2061 217294
2062 217500
2063 217712
2064 217918
2065 218131
2066 218337
2067 218550
2068 218756
2069 218969
2070 219176
2071 219389
2072 219596
2073 219809
2074 220016
2075 220230
2076 220437
2077 220651
2078 220858
2079 221072
2080 221280
2081 221494
2082 221702
2083 221916
2084 222124
2085 222339
2086 222547
2087 222762
2088 222970
2089 223185
2090 223394
2091 223609
2092 223818
2093 224033
2094 224242
2095 224458
2096 224667
2097 224883
2098 225092
2099 225308
2100 225518
2101 225734
2102 225944
2103 226160
2104 226370
2105 226587
2106 226797
2107 227014
2108 227224
2109 227441
2110 227652
2111 227869
2112 228080
2113 228297
2114 228508
2115 228726
2116 228937
2117 229155
2118 229366
2119 229584
2120 229796
2121 230014
2122 230226
2123 230444
2124 230656
2125 230875
2126 231087
2127 231306
2128 231518
2129 231737
2130 231950
2131 232169
2132 232382
2133 232601
2134 232814
2135 233034
2136 233247
2137 233467
2138 233680
2139 233900
2140 234114
2141 234334
2142 234548
2143 234768
2144 234982
2145 235203
2146 235417
2147 235638
2148 235852
2149 236073
2150 236288
2151 236509
2152 236724
2153 236945
2154 237160
2155 237382
2156 237597
2157 237819
2158 238034
2159 238256
2160 238472
2161 238694
2162 238910
2163 239132
2164 239348
2165 239571
2166 239787
2167 240010
2168 240226
2169 240449
2170 240666
2171 240889
2172 241106
2173 241329
2174 241546
2175 241770
2176 241987
2177 242211
2178 242428
2179 242652
2180 242870
2181 243094
2182 243312
2183 243536
2184 243754
2185 243979
2186 244197
2187 244422
2188 244640
2189 244865
2190 245084
2191 245309
2192 245528
2193 245753
2194 245972
2195 246198
2196 246417
2197 246643
2198 246862
2199 247088
2200 247308
2201 247534
2202 247754
2203 247980
2204 248200
2205 248427
2206 248647
2207 248874
2208 249094
2209 249321
2210 249542
2211 249769
2212 249990
2213 250217
2214 250438
2215 250666
2216 250887
2217 251115
2218 251336
2219 251564
2220 251786
2221 252014
2222 252236
2223 252464
2224 252686
2225 252915
2226 253137
2227 253366
2228 253588
2229 253817
2230 254040
2231 254269
2232 254492
2233 254721
2234 254944
2235 255174
2236 255397
2237 255627
2238 255850
2239 256080
2240 256304
2241 256534
2242 256758
2243 256988
2244 257212
2245 257443
2246 257667
2247 257898
2248 258122
2249 258353
2250 258578
2251 258809
2252 259034
2253 259265
2254 259490
2255 259722
2256 259947
2257 260179
2258 260404
2259 260636
2260 260862
2261 261094
2262 261320
2263 261552
2264 261778
2265 262011
2266 262237
2267 262470
2268 262696
2269 262929
2270 263156
2271 263389
2272 263616
2273 263849
2274 264076
2275 264310
2276 264537
2277 264771
2278 264998
2279 265232
2280 265460
2281 265694
2282 265922
2283 266156
2284 266384
2285 266619
2286 266847
2287 267082
2288 267310
2289 267545
2290 267774
2291 268009
2292 268238
2293 268473
2294 268702
2295 268938
2296 269167
2297 269403
2298 269632
2299 269868
2300 270098
2301 270334
2302 270564
2303 270800
2304 271030
2305 271267
2306 271497
2307 271734
2308 271964
2309 272201
2310 272432
2311 272669
2312 272900
2313 273137
2314 273368
2315 273606
2316 273837
2317 274075
2318 274306
2319 274544
2320 274776
2321 275014
2322 275246
2323 275484
2324 275716
2325 275955
2326 276187
2327 276426
2328 276658
2329 276897
2330 277130
2331 277369
2332 277602
2333 277841
2334 278074
2335 278314
2336 278547
2337 278787
2338 279020
2339 279260
2340 279494
2341 279734
2342 279968
2343 280208
2344 280442
2345 280683
2346 280917
2347 281158
2348 281392
2349 281633
2350 281868
2351 282109
2352 282344
2353 282585
2354 282820
2355 283062
2356 283297
2357 283539
2358 283774
2359 284016
2360 284252
2361 284494
2362 284730
2363 284972
2364 285208
2365 285451
2366 285687
2367 285930
2368 286166
2369 286409
2370 286646
2371 286889
2372 287126
2373 287369
2374 287606
2375 287850
2376 288087
2377 288331
2378 288568
2379 288812
2380 289050
2381 289294
2382 289532
2383 289776
2384 290014
2385 290259
2386 290497
2387 290742
2388 290980
2389 291225
2390 291464
2391 291709
2392 291948
2393 292193
2394 292432
2395 292678
2396 292917
2397 293163
2398 293402
2399 293648
2400 293888
2401 294134
2402 294374
2403 294620
2404 294860
2405 295107
2406 295347
2407 295594
2408 295834
2409 296081
2410 296322
2411 296569
2412 296810
2413 297057
2414 297298
2415 297546
2416 297787
2417 298035
2418 298276
2419 298524
2420 298766
2421 299014
2422 299256
2423 299504
2424 299746
2425 299995
2426 300237
2427 300486
2428 300728
2429 300977
2430 301220
2431 301469
2432 301712
2433 301961
2434 302204
2435 302454
2436 302697
2437 302947
2438 303190
2439 303440
2440 303684
2441 303934
2442 304178
2443 304428
2444 304672
2445 304923
2446 305167
2447 305418
2448 305662
2449 305913
2450 306158
2451 306409
2452 306654
2453 306905
2454 307150
2455 307402
2456 307647
2457 307899
2458 308144
2459 308396
2460 308642
2461 308894
2462 309140
2463 309392
2464 309638
2465 309891
2466 310137
2467 310390
2468 310636
2469 310889
2470 311136
2471 311389
2472 311636
2473 311889
2474 312136
2475 312390
2476 312637
2477 312891
2478 313138
2479 313392
2480 313640
2481 313894
2482 314142
2483 314396
2484 314644
2485 314899
2486 315147
2487 315402
2488 315650
2489 315905
2490 316154
2491 316409
2492 316658
2493 316913
2494 317162
2495 317418
2496 317667
2497 317923
2498 318172
2499 318428
2500 318678
2501 318934
2502 319184
2503 319440
2504 319690
2505 319947
2506 320197
2507 320454
2508 320704
2509 320961
2510 321212
2511 321469
2512 321720
2513 321977
2514 322228
2515 322486
2516 322737
2517 322995
2518 323246
2519 323504
2520 323756
2521 324014
2522 324266
2523 324524
2524 324776
2525 325035
2526 325287
2527 325546
2528 325798
2529 326057
2530 326310
2531 326569
2532 326822
2533 327081
2534 327334
2535 327594
2536 327847
2537 328107
2538 328360
2539 328620
2540 328874
2541 329134
2542 329388
2543 329648
2544 329902
2545 330163
2546 330417
2547 330678
2548 330932
2549 331193
2550 331448
2551 331709
2552 331964
2553 332225
2554 332480
2555 332742
2556 332997
2557 333259
2558 333514
2559 333776
2560 334032
2561 334294
2562 334550
2563 334812
2564 335068
2565 335331
2566 335587
2567 335850
2568 336106
2569 336369
2570 336626
2571 336889
2572 337146
2573 337409
2574 337666
2575 337930
2576 338187
2577 338451
2578 338708
2579 338972
2580 339230
2581 339494
2582 339752
2583 340016
2584 340274
2585 340539
2586 340797
2587 341062
2588 341320
2589 341585
2590 341844
2591 342109
2592 342368
2593 342633
2594 342892
2595 343158
2596 343417
2597 343683
2598 343942
2599 344208
2600 344468
2601 344734
2602 344994
2603 345260
2604 345520
2605 345787
2606 346047
2607 346314
2608 346574
2609 346841
2610 347102
2611 347369
2612 347630
2613 347897
2614 348158
2615 348426
2616 348687
2617 348955
2618 349216
2619 349484
2620 349746
2621 350014
2622 350276
2623 350544
2624 350806
2625 351075
2626 351337
2627 351606
2628 351868
2629 352137
2630 352400
2631 352669
2632 352932
2633 353201
2634 353464
2635 353734
2636 353997
2637 354267
2638 354530
2639 354800
2640 355064
2641 355334
2642 355598
2643 355868
2644 356132
2645 356403
2646 356667
2647 356938
2648 357202
2649 357473
2650 357738
2651 358009
2652 358274
2653 358545
2654 358810
2655 359082
2656 359347
2657 359619
2658 359884
2659 360156
2660 360422
2661 360694
2662 360960
2663 361232
2664 361498
2665 361771
2666 362037
2667 362310
2668 362576
2669 362849
2670 363116
2671 363389
2672 363656
2673 363929
2674 364196
2675 364470
2676 364737
2677 365011
2678 365278
2679 365552
2680 365820
2681 366094
2682 366362
2683 366636
2684 366904
2685 367179
2686 367447
2687 367722
2688 367990
2689 368265
2690 368534
2691 368809
2692 369078
2693 369353
2694 369622
2695 369898
2696 370167
2697 370443
2698 370712
2699 370988
2700 371258
2701 371534
2702 371804
2703 372080
2704 372350
2705 372627
2706 372897
2707 373174
2708 373444
2709 373721
2710 373992
2711 374269
2712 374540
2713 374817
2714 375088
2715 375366
2716 375637
2717 375915
2718 376186
2719 376464
2720 376736
2721 377014
2722 377286
2723 377564
2724 377836
2725 378115
2726 378387
2727 378666
2728 378938
2729 379217
2730 379490
2731 379769
2732 380042
2733 380321
2734 380594
2735 380874
2736 381147
2737 381427
2738 381700
2739 381980
2740 382254
2741 382534
2742 382808
2743 383088
2744 383362
2745 383643
2746 383917
2747 384198
2748 384472
2749 384753
2750 385028
2751 385309
2752 385584
2753 385865
2754 386140
2755 386422
2756 386697
2757 386979
2758 387254
2759 387536
2760 387812
2761 388094
2762 388370
2763 388652
2764 388928
2765 389211
2766 389487
2767 389770
2768 390046
2769 390329
2770 390606
2771 390889
2772 391166
2773 391449
2774 391726
2775 392010
2776 392287
2777 392571
2778 392848
2779 393132
2780 393410
2781 393694
2782 393972
2783 394256
2784 394534
2785 394819
2786 395097
2787 395382
2788 395660
2789 395945
2790 396224
2791 396509
2792 396788
2793 397073
2794 397352
2795 397638
2796 397917
2797 398203
2798 398482
2799 398768
2800 399048
2801 399334
2802 399614
2803 399900
2804 400180
2805 400467
2806 400747
2807 401034
2808 401314
2809 401601
2810 401882
2811 402169
2812 402450
2813 402737
2814 403018
2815 403306
2816 403587
2817 403875
2818 404156
2819 404444
2820 404726
2821 405014
2822 405296
2823 405584
2824 405866
2825 406155
2826 406437
2827 406726
2828 407008
2829 407297
2830 407580
2831 407869
2832 408152
2833 408441
2834 408724
2835 409014
2836 409297
2837 409587
2838 409870
2839 410160
2840 410444
2841 410734
2842 411018
2843 411308
2844 411592
2845 411883
2846 412167
2847 412458
2848 412742
2849 413033
2850 413318
2851 413609
2852 413894
2853 414185
2854 414470
2855 414762
2856 415047
2857 415339
2858 415624
2859 415916
2860 416202
2861 416494
2862 416780
2863 417072
2864 417358
2865 417651
2866 417937
2867 418230
2868 418516
2869 418809
2870 419096
2871 419389
2872 419676
2873 419969
2874 420256
2875 420550
2876 420837
2877 421131
2878 421418
2879 421712
2880 422000
2881 422294
2882 422582
2883 422876
2884 423164
2885 423459
2886 423747
2887 424042
2888 424330
2889 424625
2890 424914
2891 425209
2892 425498
2893 425793
2894 426082
2895 426378
2896 426667
2897 426963
2898 427252
2899 427548
2900 427838
2901 428134
2902 428424
2903 428720
2904 429010
2905 429307
2906 429597
2907 429894
2908 430184
2909 430481
2910 430772
2911 431069
2912 431360
2913 431657
2914 431948
2915 432246
2916 432537
2917 432835
2918 433126
2919 433424
2920 433716
2921 434014
2922 434306
2923 434604
2924 434896
2925 435195
2926 435487
2927 435786
2928 436078
2929 436377
2930 436670
2931 436969
2932 437262
2933 437561
2934 437854
2935 438154
2936 438447
2937 438747
2938 439040
2939 439340
2940 439634
2941 439934
2942 440228
2943 440528
2944 440822
2945 441123
2946 441417
2947 441718
2948 442012
2949 442313
2950 442608
2951 442909
2952 443204
2953 443505
2954 443800
2955 444102
2956 444397
2957 444699
2958 444994
2959 445296
2960 445592
2961 445894
2962 446190
2963 446492
2964 446788
2965 447091
2966 447387
2967 447690
2968 447986
2969 448289
2970 448586
2971 448889
2972 449186
2973 449489
2974 449786
2975 450090
2976 450387
2977 450691
2978 450988
2979 451292
2980 451590
2981 451894
2982 452192
2983 452496
2984 452794
2985 453099
2986 453397
2987 453702
2988 454000
2989 454305
2990 454604
2991 454909
2992 455208
2993 455513
2994 455812
2995 456118
2996 456417
2997 456723
2998 457022
2999 457328
3000 457628
3001 457934
3002 458234
3003 458540
3004 458840
3005 459147
3006 459447
3007 459754
3008 460054
3009 460361
3010 460662
3011 460969
3012 461270
3013 461577
3014 461878
3015 462186
3016 462487
3017 462795
3018 463096
3019 463404
3020 463706
3021 464014
3022 464316
3023 464624
3024 464926
3025 465235
3026 465537
3027 465846
3028 466148
3029 466457
3030 466760
3031 467069
3032 467372
3033 467681
3034 467984
3035 468294
3036 468597
3037 468907
3038 469210
3039 469520
3040 469824
3041 470134
3042 470438
3043 470748
3044 471052
3045 471363
3046 471667
3047 471978
3048 472282
3049 472593
3050 472898
3051 473209
3052 473514
3053 473825
3054 474130
3055 474442
3056 474747
3057 475059
3058 475364
3059 475676
3060 475982
3061 476294
3062 476600
3063 476912
3064 477218
3065 477531
3066 477837
3067 478150
3068 478456
3069 478769
3070 479076
3071 479389
3072 479696
3073 480009
3074 480316
3075 480630
3076 480937
3077 481251
3078 481558
3079 481872
3080 482180
3081 482494
3082 482802
3083 483116
3084 483424
3085 483739
3086 484047
3087 484362
3088 484670
3089 484985
3090 485294
3091 485609
3092 485918
3093 486233
3094 486542
3095 486858
3096 487167
3097 487483
3098 487792
3099 488108
3100 488418
3101 488734
3102 489044
3103 489360
3104 489670
3105 489987
3106 490297
3107 490614
3108 490924
3109 491241
3110 491552
3111 491869
3112 492180
3113 492497
3114 492808
3115 493126
3116 493437
3117 493755
3118 494066
3119 494384
3120 494696
3121 495014
3122 495326
3123 495644
3124 495956
3125 496279
3126 496591
3127 496914
3128 497226
3129 497549
3130 497862
